 StartTime,   EndTime,  Cpu 0,  Cpu 1,  Cpu 2,  Cpu 3,  Cpu 4,  Cpu 5,  Cpu 6,  Cpu 7,  Cpu 8,  Cpu 9,  Cpu 10,  Cpu 11,  Cpu 12,  Cpu 13,  Cpu 14,  Cpu 15
         0,   1000000,  57.84,  38.63,  72.22,  40.85,  58.68,  33.31,  45.88,  36.25,  40.59,  32.63,  42.48,  33.65,  59.27,  37.02,  57.04,  37.81
   1000000,   2000000,  59.55,  36.71,  69.28,  37.22,  57.39,  31.74,  48.04,  35.34,  41.05,  32.08,  40.89,  31.48,  57.51,  36.13,  49.80,  35.33
   2000000,   3000000,  52.07,  34.67,  74.75,  30.96,  53.77,  27.22,  47.59,  30.64,  35.70,  28.84,  36.80,  26.37,  54.10,  32.09,  50.62,  31.65
   3000000,   4000000,  51.92,  29.69,  70.41,  30.07,  48.51,  27.71,  49.77,  29.81,  34.80,  23.81,  32.82,  21.69,  50.27,  30.16,  47.86,  30.98
   4000000,   5000000,  51.49,  32.07,  66.58,  33.17,  56.36,  27.38,  48.60,  35.02,  36.25,  25.63,  36.47,  24.70,  52.88,  30.11,  48.62,  31.79
   5000000,   6000000,  52.44,  28.17,  63.62,  32.69,  54.22,  25.89,  36.07,  26.32,  34.98,  26.25,  34.33,  23.24,  54.53,  31.61,  46.11,  31.32
   6000000,   7000000,  55.76,  35.19,  71.61,  37.06,  54.18,  34.84,  47.78,  32.32,  49.69,  29.34,  40.12,  28.79,  57.12,  35.91,  51.29,  38.32
   7000000,   8000000,  48.12,  32.44,  73.15,  32.42,  48.60,  26.49,  44.90,  29.21,  34.31,  25.15,  33.57,  25.49,  52.63,  32.18,  51.74,  32.58
   8000000,   9000000,  51.94,  28.73,  66.11,  31.25,  43.80,  24.47,  38.05,  24.73,  32.47,  24.73,  34.44,  22.86,  52.47,  32.13,  51.64,  31.06
   9000000,  10000000,  52.71,  33.62,  74.01,  31.72,  51.72,  28.86,  37.75,  29.65,  36.76,  25.72,  38.41,  25.76,  53.04,  32.63,  50.79,  31.39
  10000000,  11000000,  55.24,  33.17,  69.20,  37.56,  56.40,  30.57,  42.36,  32.39,  42.13,  29.02,  43.96,  29.28,  53.99,  38.51,  51.38,  37.67
  11000000,  12000000,  56.31,  38.72,  71.23,  40.34,  59.60,  35.76,  49.53,  33.18,  44.88,  33.20,  56.17,  38.78,  62.37,  43.29,  56.16,  47.62
  12000000,  13000000,  55.55,  36.69,  70.21,  35.28,  54.22,  32.47,  50.31,  35.03,  49.15,  36.78,  53.49,  33.12,  54.09,  43.18,  56.27,  46.05
  13000000,  14000000,  54.30,  31.34,  69.42,  34.55,  49.84,  30.53,  51.05,  32.26,  47.33,  29.97,  52.47,  30.12,  56.53,  36.19,  54.64,  39.64
  14000000,  15000000,  51.65,  32.58,  66.67,  31.94,  51.53,  28.22,  49.95,  29.20,  47.02,  26.85,  51.52,  26.66,  56.08,  26.63,  51.92,  29.37
  15000000,  16000000,  50.36,  26.52,  71.03,  30.08,  50.61,  23.90,  38.05,  25.80,  36.57,  26.04,  45.31,  24.46,  52.53,  28.31,  47.70,  28.63
  16000000,  17000000,  51.71,  26.13,  64.40,  29.62,  45.07,  24.03,  35.47,  25.11,  31.47,  24.91,  41.62,  22.25,  50.72,  27.14,  49.75,  25.54
  17000000,  18000000,  53.88,  32.14,  68.32,  30.98,  44.96,  25.92,  38.47,  27.26,  36.36,  26.88,  32.46,  23.85,  55.52,  30.60,  52.85,  30.35
  18000000,  19000000,  52.25,  31.26,  70.76,  31.80,  44.31,  23.71,  35.45,  26.45,  32.82,  24.77,  36.79,  22.45,  54.23,  30.15,  51.96,  29.14
  19000000,  20000000,  53.88,  35.27,  69.53,  33.61,  46.74,  25.85,  38.32,  28.23,  36.67,  27.49,  37.63,  25.52,  56.52,  31.63,  53.96,  34.94
  20000000,  21000000,  54.25,  37.44,  74.19,  34.26,  44.97,  33.18,  39.26,  32.33,  39.32,  30.55,  38.33,  28.21,  55.32,  35.19,  54.78,  37.63
  21000000,  22000000,  59.94,  38.01,  75.13,  40.37,  56.90,  36.50,  51.87,  42.37,  48.72,  39.54,  48.56,  38.10,  57.49,  45.29,  58.56,  43.80
  22000000,  23000000,  52.67,  32.67,  76.78,  35.71,  54.58,  32.54,  50.03,  33.85,  41.21,  30.98,  40.61,  28.07,  56.33,  32.35,  53.53,  38.06
  23000000,  24000000,  47.06,  36.78,  70.27,  35.09,  53.06,  30.41,  52.01,  33.18,  40.73,  27.81,  36.25,  27.80,  53.84,  33.39,  53.75,  34.45
  24000000,  25000000,  53.57,  29.36,  71.83,  30.99,  49.86,  27.94,  49.95,  29.42,  36.08,  25.15,  34.81,  24.10,  51.95,  27.63,  51.10,  28.46
  25000000,  26000000,  48.33,  28.42,  63.31,  29.87,  53.93,  26.61,  48.00,  27.76,  35.06,  23.03,  31.38,  22.40,  50.05,  29.49,  45.98,  28.84
  26000000,  27000000,  41.09,  28.42,  58.23,  34.42,  54.28,  29.04,  40.41,  29.38,  37.45,  25.58,  37.71,  24.31,  45.05,  26.55,  35.55,  28.88
  27000000,  28000000,  45.58,  29.91,  63.52,  31.69,  56.19,  33.83,  37.54,  26.69,  37.10,  25.87,  37.69,  24.42,  42.83,  28.42,  39.95,  27.97
  28000000,  29000000,  51.21,  32.77,  58.91,  36.90,  55.31,  30.12,  36.83,  29.03,  36.25,  27.89,  39.81,  25.70,  42.62,  29.53,  40.13,  30.30
  29000000,  30000000,  49.00,  29.50,  58.75,  33.42,  57.56,  27.55,  37.75,  26.68,  32.79,  26.89,  38.00,  22.98,  40.32,  29.41,  35.77,  24.49
  30000000,  31000000,  43.21,  28.65,  63.23,  32.85,  48.70,  29.33,  37.39,  24.26,  31.58,  25.74,  34.05,  22.95,  49.51,  26.83,  32.74,  25.76
  31000000,  32000000,  44.41,  28.05,  62.07,  31.46,  55.09,  29.05,  36.13,  26.53,  33.66,  27.89,  35.41,  22.82,  50.93,  32.07,  38.96,  27.84
  32000000,  33000000,  43.89,  30.82,  67.01,  36.08,  54.26,  33.66,  40.12,  28.99,  35.36,  28.06,  40.42,  25.56,  53.48,  36.33,  42.53,  27.84
  33000000,  34000000,  52.21,  30.15,  66.10,  30.55,  41.80,  26.17,  31.59,  26.29,  32.84,  23.74,  41.57,  23.14,  53.69,  30.78,  38.98,  25.42
  34000000,  35000000,  46.68,  30.25,  65.35,  30.35,  39.81,  23.42,  33.41,  25.68,  31.24,  23.51,  33.27,  22.81,  49.00,  26.53,  34.07,  25.79
  35000000,  36000000,  41.24,  25.68,  58.31,  28.02,  38.62,  22.81,  36.23,  21.22,  31.71,  23.30,  31.23,  21.96,  58.43,  22.98,  35.69,  25.54
  36000000,  37000000,  41.77,  26.71,  64.52,  32.54,  44.66,  24.55,  35.49,  24.52,  29.13,  24.24,  38.64,  20.35,  49.58,  30.40,  35.58,  25.51
  37000000,  38000000,  39.80,  23.87,  56.57,  35.53,  54.81,  25.34,  36.36,  24.02,  32.05,  27.05,  37.08,  24.07,  44.14,  27.82,  36.94,  21.91
  38000000,  39000000,  44.11,  33.37,  60.87,  34.07,  59.04,  30.07,  39.95,  30.78,  39.39,  28.31,  39.85,  27.80,  52.68,  32.59,  40.07,  30.48
  39000000,  40000000,  48.18,  29.23,  58.96,  35.83,  54.73,  33.21,  40.66,  26.42,  38.24,  29.81,  37.13,  26.47,  55.31,  32.60,  42.29,  32.58
  40000000,  41000000,  45.99,  30.23,  59.19,  30.07,  39.92,  25.87,  35.98,  23.79,  31.80,  27.27,  32.45,  19.20,  57.13,  28.53,  39.23,  26.79
  41000000,  42000000,  48.99,  29.72,  52.23,  32.73,  39.36,  24.85,  33.68,  24.30,  34.75,  25.34,  34.95,  21.14,  54.65,  32.57,  37.28,  27.48
  42000000,  43000000,  53.18,  29.15,  53.42,  31.14,  41.97,  23.52,  35.01,  25.67,  32.95,  27.81,  35.37,  23.27,  55.00,  32.03,  40.64,  27.94
  43000000,  44000000,  48.04,  29.74,  63.28,  31.92,  41.97,  24.04,  34.34,  25.52,  31.00,  25.30,  35.14,  22.59,  53.51,  34.78,  39.32,  28.94
  44000000,  45000000,  41.23,  27.51,  63.68,  30.95,  41.55,  25.63,  32.95,  23.12,  31.31,  21.83,  33.20,  20.72,  52.87,  29.06,  34.10,  27.42
  45000000,  46000000,  44.18,  31.93,  64.09,  34.10,  45.40,  24.51,  38.68,  27.50,  34.78,  25.03,  37.53,  21.74,  55.08,  33.37,  42.15,  27.43
  46000000,  46948697,  51.85,  31.70,  62.70,  37.16,  52.64,  29.23,  49.96,  31.85,  47.30,  30.93,  46.74,  32.29,  55.62,  34.51,  48.61,  36.40
